6.875
7.734375
9.16666666667
10.3125
12.03125
13.75
15.46875
18.3333333333
20.625
24.0625
27.5
30.9375
36.6666666667
41.25
48.125
55.0
61.875
73.3333333333
82.5
96.25
110.0
123.75
146.666666667
165.0
192.5
220.0
247.5
293.333333333
330.0
385.0
440.0
495.0
586.666666667
660.0
770.0
880.0
990.0
1173.33333333
1320.0
1540.0
1760.0
1980.0
2346.66666667
2640.0
3080.0
3520.0
3960.0
4693.33333333
5280.0
6160.0
7040.0
7920.0
9386.66666667
10560.0
12320.0
14080.0
15840.0
18773.3333333
21120.0
24640.0
28160.0
31680.0
37546.6666667
42240.0
