6.875
8.59375
9.16666666667
10.3125
12.890625
13.75
17.1875
18.3333333333
20.625
25.78125
27.5
34.375
36.6666666667
41.25
51.5625
55.0
68.75
73.3333333333
82.5
103.125
110.0
137.5
146.666666667
165.0
206.25
220.0
275.0
293.333333333
330.0
412.5
440.0
550.0
586.666666667
660.0
825.0
880.0
1100.0
1173.33333333
1320.0
1650.0
1760.0
2200.0
2346.66666667
2640.0
3300.0
3520.0
4400.0
4693.33333333
5280.0
6600.0
7040.0
8800.0
9386.66666667
10560.0
13200.0
14080.0
17600.0
18773.3333333
21120.0
26400.0
28160.0
35200.0
37546.6666667
42240.0
