6.875
7.734375
8.59375
9.16666666667
12.890625
13.75
15.46875
17.1875
18.3333333333
25.78125
27.5
30.9375
34.375
36.6666666667
51.5625
55.0
61.875
68.75
73.3333333333
103.125
110.0
123.75
137.5
146.666666667
206.25
220.0
247.5
275.0
293.333333333
412.5
440.0
495.0
550.0
586.666666667
825.0
880.0
990.0
1100.0
1173.33333333
1650.0
1760.0
1980.0
2200.0
2346.66666667
3300.0
3520.0
3960.0
4400.0
4693.33333333
6600.0
7040.0
7920.0
8800.0
9386.66666667
13200.0
14080.0
15840.0
17600.0
18773.3333333
26400.0
28160.0
31680.0
35200.0
37546.6666667
